[1,8,6,2,5,4,8,3,7]
[1,1]
[29,85,29,24,98,7,82,95,20,0,47,18,66,30]
[15,96,80,38,95,50,78,47,46,85,10,4,4,10,92,13,14,91,28,1,12,50,1,104,58,56,27,58,6,83,35,77,20,65,29,79,88,97,74,5]
[54,12,62,93,7,80,100,63,2,83,26,95,67,104,78,4,93,38,99,56,8,47,52,33,52,35,33,34,76,101,101,77,91,82,82,27,0,80,39,61]
[32,97,21,102,99,72,36,31,51,17,62,64,86,18,66,39,4,2,54,103]
[25,54,87,32,100,47,6,65,87,34,1,1,59,80,46,98,58,98,27,70,14,72,84,93,92,98,28,3,35,67,0,67,65,47,38,89,85,95,76,60,91,22,16,6,28,19,93,54,102,79,93,97,100,57,85,75,59,34,59,18,88,4,9,64,65,103,101,76,93,29,94,21,97,57,84,101,53,75,17,27,9,50,52,8,29,85,57,35,44,66,23,25,48,99,35,98,18,68,83]
[57,90,95,61,104,40,5,41,9,2,51,10,52,98,70,93,38,45,13,96,2,85,90,3,76,82]
[96,57,33,101,86,41,64,77,57,26,53,65,83,89,100,98,56,78,29,7,31,50,54,75,103,97,98,65,73,38,13,18,67,54,46,8,85]
[67,25,39,55,29,22,83]
[90,93,30,25,10,36,13,19,75,41,59,103,4,95,97,46,25,54,76,89,101]
[57,63,49,31,101,88,103,14,49,27,93,30,63,49,29]
[97,34,53,78,77]
[75,72,24,102,46,85,103,89,67,41,13,57,5,45,1,44,88,81,24,63,9,30,28,34,18,42,39,39,98,52,67,81,94,102,57,72,87,93,33,20,15,23,80,9,53,33,30,99,2,87,99,34,79,63,43,43,16,103,80,17,68]
[73,22,32,63,48,15,32,45,11,8,72,21,17,34,67,49]
[37,71,80,31,89,77,83,15,16,42,34,83,39,51,10,49,26,38,68,86,37,43,37,38,23,83,52,1,89,19,58,65,45,58,98,36,42,42,83,22,11,60,42,51,22,67,45,62,2,6,9,104,93]
[96,10,52,43,51,60,41,90,95,91,4,78,64,24,83,71,90,90,20,49,85,99,52,65,50,0,0,0,18,17,56,26,9,47,75,4,50,32,79,3,36,33,76,75,101,68,75,20,44,7,75,104,25,14,25,50,95,12,93,12,11,37,24,6,52,79,24,81,84,8]
